
data_elements=[13.02	434	0.000288675	60.436	0.003874558	15.18630137	0.027	432.2	0.02	2.4	0.0002	26.3448
13.02	434	0.000288675	60.436	0.003874558	15.18630137	0.07	432.2	0.4	35.9	0.0002	59.5412
11.4	380	0.000288675	148.22	0.003874558	15.18630137	0.05	10.51	0.027	34.06	0.0014	80.9971
11.4	380	0.000288675	148.22	0.003874558	15.18630137	0.05	10.51	0.022	7.164	0.002	276.398
11.4	380	0.000288675	148.22	0.003874558	15.18630137	0.05	10.51	0.006	18.33	0.001	302.853
11.4	380	0.000288675	148.22	0.003874558	15.18630137	0.05	10.51	0.19	62.05	0.002	356.017
11.4	380	0.000288675	148.22	0.003874558	15.18630137	0.05	10.51	0.03	8.94	0.003	383.851
11.28	376	0.000288675	2189.903	0.003874558	15.18630137	0.0004	2.6019	0.028	199.888	0.000015	511
11.28	407	0.000288675	90.516	0.003874558	15.18630137	0.03	30.07	0.2	85.1	0.0003	661.6507
11.1	370	0.000288675	783.49	0.003874558	1.764383562	0.1	0.855	0.001	99.976	0.003	834.848
11.07	369	0.000288675	919.267	0.003874558	15.18630137	0.0007	5.2714	0.004	99.9736	0.004	1173.237
11.28	376	0.000288675	2189.903	0.003874558	15.18630137	0.0004	2.6019	0.014	99.944	0.02	1274.53
11.07	369	0.000288675	919.267	0.003874558	15.18630137	0.0007	5.2714	0.005	99.9856	0.005	1332.501
];
areas=[11510	26.3448
83510	59.5412
91000	80.9971
3684	276.398
54421	302.853
140292	356.017
762	383.851
172700	511
147700	661.6507
374000	834.848
140000	1173.237
48040	1274.53
131800	1332.501
];
activity=data_elements(:,2).*1000;
delta_activity=data_elements(:,3).*1000;
T=data_elements(:,4);
delta_T=data_elements(:,5);
t=data_elements(:,6);
delta_t=data_elements(:,7);
tau=data_elements(:,8)./log(2);
delta_tau=data_elements(:,9)./log(2);
I_gamma=data_elements(:,10)*0.01;
delta_I_gamma=data_elements(:,11);
energy=data_elements(:,12);
[N_expected,error]=NexpectedCal(activity,tau,t,T,I_gamma,delta_activity,delta_tau,delta_t,delta_T,delta_I_gamma);
N_measured=areas(:,1);
eff=N_measured./N_expected;
delta_eff=sqrt((sqrt(N_measured)./N_expected).^2+((N_measured.*error)./(N_expected).^2).^2);
scatter(energy,eff)
matForFit=[];
matForFit(:,1)=energy;
matForFit(:,2)=data_elements(:,11);
matForFit(:,3)=eff;
matForFit(:,4)=delta_eff; 
% important: beacuse the dots in energies: 276,383,26 are bad we took them
% off manually.
